q-Value [nm^-1], Intensity [nm^-1]
0.1, 0.5348349752351185
0.10232929922807542, 0.5348065890245945
0.10471285480508996, 0.534777541614288
0.10715193052376065, 0.5347478176028775
0.1096478196143185, 0.5347174012302985
0.11220184543019636, 0.5346857475415725
0.1148153621496883, 0.5346504289675031
0.11748975549395294, 0.5346142877181606
0.12022644346174127, 0.5345773046309761
0.12302687708123815, 0.5345384845168689
0.12589254117941673, 0.5344946973989072
0.1288249551693134, 0.5344498903479447
0.1318256738556407, 0.5344040396066903
0.13489628825916536, 0.5343571208644734
0.1380384264602885, 0.5343091092443564
0.14125375446227545, 0.5342599792899426
0.14454397707459277, 0.5342045292696351
0.14791083881682077, 0.5341475033850925
0.15135612484362082, 0.5340877727500101
0.1548816618912481, 0.5340244809493475
0.15848931924611134, 0.5339593507820194
0.16218100973589297, 0.5338894957996714
0.16595869074375605, 0.5338178950210795
0.16982436524617442, 0.5337411487017283
0.17378008287493754, 0.5336620986969913
0.1778279410038923, 0.5335781026966544
0.18197008586099836, 0.5334906804827739
0.18620871366628675, 0.5333990452759682
0.19054607179632474, 0.5333009628481316
0.19498445997580455, 0.5331994818350582
0.19952623149688797, 0.5330956370255305
0.20417379446695297, 0.5329842969102534
0.20892961308540392, 0.5328676090106022
0.2137962089502232, 0.532745350673336
0.21877616239495523, 0.5326171211920682
0.22387211385683395, 0.5324825338443743
0.2290867652767773, 0.532341181208261
0.2344228815319922, 0.5321927169872767
0.23988329190194904, 0.532035107460433
0.24547089156850305, 0.531873177343738
0.251188643150958, 0.531701269322708
0.2570395782768864, 0.5315208170261915
0.2630267991895382, 0.5313304097986754
0.2691534803926916, 0.5311327739920547
0.2754228703338166, 0.5309230272777767
0.28183829312644537, 0.5307036925760709
0.28840315031266056, 0.530473263151154
0.29512092266663853, 0.5302308667679985
0.3019951720402016, 0.5299758544231954
0.30902954325135906, 0.5297077853222342
0.31622776601683794, 0.5294264755338474
0.32359365692962827, 0.5291300653646169
0.3311311214825911, 0.5288184079600239
0.33884415613920255, 0.5284905983871567
0.3467368504525316, 0.5281456050633301
0.35481338923357547, 0.527782353484433
0.36307805477010135, 0.5274001795732093
0.37153522909717257, 0.5269970609972406
0.3801893963205612, 0.5265739796376214
0.3890451449942806, 0.5261270478770957
0.3981071705534972, 0.525656562933142
0.40738027780411273, 0.5251613426594203
0.4168693834703354, 0.5246387493356386
0.42657951880159267, 0.5240877597529797
0.436515832240166, 0.5235065816083034
0.44668359215096315, 0.5228932917946479
0.457088189614875, 0.5222462956421388
0.4677351412871982, 0.5215629180008995
0.4786300923226383, 0.520841571018157
0.4897788193684462, 0.520080270680305
0.5011872336272722, 0.5192752027801841
0.5128613839913648, 0.518424527119806
0.5248074602497725, 0.5175249046932416
0.5370317963702527, 0.5165738132877713
0.5495408738576245, 0.5155674682617548
0.5623413251903491, 0.5144501961939985
0.5754399373371569, 0.5133041603884194
0.5888436553555889, 0.5121314299796675
0.6025595860743578, 0.5109011867035356
0.6165950018614822, 0.5095076057647863
0.6309573444801932, 0.5080815641559882
0.6456542290346555, 0.5066223057710042
0.660693448007596, 0.5049927631296924
0.6760829753919817, 0.5032685841894229
0.6918309709189365, 0.501504243962407
0.7079457843841379, 0.4995898544368937
0.72443596007499, 0.49751625025271073
0.7413102413009175, 0.49539434562227225
0.7585775750291838, 0.4930971455336602
0.7762471166286917, 0.4906159503806586
0.7943282347242815, 0.4880769607681111
0.8128305161640993, 0.4852786036791315
0.831763771102671, 0.4823244919808556
0.8511380382023764, 0.47928282186339954
0.8709635899560807, 0.47586287620746603
0.8912509381337456, 0.4723632697837682
0.9120108393559098, 0.4685750193856213
0.933254300796991, 0.46454413678336015
0.954992586021436, 0.4603300997175344
0.9772372209558107, 0.4557115325206659
1.0, 0.45098538507373254
1.023292992280754, 0.44572206985030605
1.0471285480508996, 0.440336156266009
1.0715193052376064, 0.4344251566720999
1.096478196143185, 0.4283219047768823
1.1220184543019633, 0.4216681692976223
1.1481536214968828, 0.4147926171550446
1.1748975549395295, 0.40730334141114916
1.202264434617413, 0.3995654405055364
1.2302687708123816, 0.39119630075896067
1.2589254117941673, 0.38248458626491993
1.288249551693134, 0.3732359797035085
1.318256738556407, 0.3634952485610311
1.3489628825916535, 0.35334539009937654
1.3803842646028848, 0.34255178029842126
1.4125375446227544, 0.3313507286605125
1.4454397707459274, 0.3196617505092246
1.4791083881682074, 0.3074413485490881
1.5135612484362082, 0.29481018539259785
1.5488166189124815, 0.281751493060373
1.5848931924611136, 0.2682709452752621
1.62181009735893, 0.25446385225234763
1.6595869074375607, 0.24035443120045596
1.6982436524617444, 0.2259924139557641
1.7378008287493754, 0.2115081401297421
1.7782794100389228, 0.19693599185541588
1.8197008586099834, 0.18234896800354594
1.8620871366628675, 0.16783201262424743
1.9054607179632472, 0.15347955403216534
1.9498445997580451, 0.13939484089700468
1.9952623149688795, 0.1257602507348958
2.041737944669529, 0.11258228565638756
2.0892961308540396, 0.09994899704370971
2.137962089502232, 0.08794210239184107
2.1877616239495525, 0.07663431840856841
2.2387211385683394, 0.0660872923450973
2.290867652767773, 0.05635012923838828
2.344228815319922, 0.047458428691931044
2.3988329190194904, 0.0394337398626704
2.4547089156850306, 0.03236053445180134
2.51188643150958, 0.02618217669145885
2.5703957827688635, 0.02085363316518921
2.6302679918953817, 0.016339136298237696
2.6915348039269156, 0.012594062529568711
2.7542287033381663, 0.009606803986000466
2.8183829312644537, 0.007354977722167323
2.884031503126606, 0.00568784473267415
2.9512092266663856, 0.004547949752483135
3.019951720402016, 0.00394116297962014
3.0902954325135905, 0.0036999136164033884
3.1622776601683795, 0.0037877667626647704
3.2359365692962827, 0.0041171856290195315
3.311311214825911, 0.004607231234931857
3.3884415613920256, 0.005188295738710706
3.4673685045253166, 0.005786045847516449
3.548133892335755, 0.006343205164132245
3.630780547701014, 0.00679124893636056
3.715352290971725, 0.007099171124216567
3.8018939632056115, 0.007235089120153082
3.890451449942806, 0.007166520682767665
3.9810717055349722, 0.006902473029495839
4.073802778041127, 0.006456524316912691
4.168693834703354, 0.005853720183519493
4.265795188015927, 0.00513139672459534
4.36515832240166, 0.004336137405700916
4.466835921509632, 0.00351938530602272
4.570881896148751, 0.002732182879721145
4.677351412871983, 0.002020178708371667
4.786300923226384, 0.0014199602097606726
4.897788193684462, 0.0009567256468905793
5.011872336272722, 0.0006496688481928709
5.1286138399136485, 0.0004907326127418888
5.248074602497725, 0.0004623659397656973
5.370317963702527, 0.0005439452682573266
5.495408738576246, 0.0006941316541038203
5.623413251903491, 0.0008750440579766579
5.7543993733715695, 0.0010458035882718421
5.88843655355589, 0.0011699732176771267
6.025595860743578, 0.001222876823270253
6.165950018614822, 0.001193306271785116
6.309573444801933, 0.0010835980382906815
6.456542290346556, 0.0009104559116694746
6.606934480075959, 0.0007020241143238686
6.760829753919817, 0.0004919272376515713
6.918309709189364, 0.00031205816457340746
7.079457843841379, 0.0001861022670399148
7.244359600749901, 0.00012556603373926623
7.413102413009175, 0.00012951525382123855
7.5857757502918375, 0.0001812755351203391
7.762471166286917, 0.000255741917558148
7.943282347242816, 0.000324739050246772
8.128305161640993, 0.00036341042852245487
8.31763771102671, 0.00035848596626946393
8.511380382023766, 0.0003101433930558839
8.709635899560805, 0.00023234413923410048
8.912509381337454, 0.00014810327205894
9.120108393559097, 8.126082584584556e-5
9.33254300796991, 4.808009297247094e-5
9.549925860214358, 5.209947120270691e-5
9.772372209558107, 8.44050930541485e-5
10.0, 0.0001291645976037229
